0 0 1 1 0 1
1 1 1 1 0 1
2 0 1 1 1 1
3 1 1 1 0 1
5 0 1 1 1 1
6 1 1 1 0 1
7 0 1 1 1 1
8 1 1 1 0 1
9 1 1 1 1 1
10 1 0 0 1 1
11 0 1 1 0 1
12 1 1 1 0 1
23 0 1 1 1 1
24 0 0 0 1 0
25 0 1 1 1 1
32 1 1 1 0 1
26 0 0 0 1 1
42 1 1 1 0 1
45 0 1 1 0 1
46 0 0 0 0 1
47 0 1 1 1 0
48 0 1 1 1 1
60 1 1 1 0 1
70 0 1 1 1 1
71 0 0 0 1 0
72 1 1 1 0 1
77 0 0 0 1 1
78 0 1 0 1 1
84 0 0 0 1 1
85 0 1 0 1 1
87 1 1 1 0 1
90 0 0 0 1 1
91 0 1 0 1 1
96 1 1 1 0 1
99 0 1 0 0 1
101 0 1 0 1 0
102 0 1 0 1 1
114 1 1 1 0 1
125 0 1 0 1 1
126 1 1 1 0 1
138 0 1 0 1 1
150 0 0 0 1 0
151 0 0 0 1 1
162 1 1 1 0 1
173 0 1 0 1 1
174 1 1 1 1 1
176 1 1 1 0 1
184 0 1 0 1 1
185 0 0 0 1 1
187 1 1 1 1 0
189 1 1 1 1 1
191 0 1 0 1 1
192 0 0 0 1 0
194 0 0 0 0 0 